43
0 0 0 42 71 0 66 0 0 84 89 0 0 0 25 0 0 0 72 24 0 33 0 0 0 0 77 80 38 0 0 90 51 73 54 0 11 6 38 88 0 44 39 
0 0 6 0 0 0 0 0 0 0 9 0 89 0 0 37 0 19 78 54 0 10 0 0 0 0 3 0 0 0 0 0 0 0 64 26 89 3 65 0 0 13 0 
0 6 0 38 63 39 0 20 4 25 63 0 0 37 0 37 97 94 48 0 0 48 0 0 9 92 74 0 100 0 2 0 0 42 0 0 94 45 67 77 0 0 0 
42 0 38 0 20 0 0 0 0 0 40 0 94 0 63 0 0 0 0 0 6 62 71 5 0 0 94 45 70 18 14 0 0 35 28 0 0 60 80 0 0 0 93 
71 0 63 20 0 81 21 0 0 17 4 0 0 63 0 71 3 93 0 41 9 86 60 0 0 51 0 75 0 0 0 15 61 0 59 24 86 59 11 0 6 0 32 
0 0 39 0 81 0 0 0 0 37 59 0 97 0 19 0 0 0 0 47 0 4 74 96 0 12 76 0 56 54 0 45 19 0 33 77 0 0 23 98 16 0 0 
66 0 0 0 21 0 0 77 0 0 77 0 0 95 0 96 0 0 0 52 0 99 0 4 0 76 0 83 90 54 0 6 24 0 0 53 0 56 0 0 0 15 0 
0 0 20 0 0 0 77 0 82 0 0 75 81 0 0 61 42 33 0 69 86 0 0 72 0 54 99 0 54 0 0 71 83 15 56 66 58 0 0 0 0 85 0 
0 0 4 0 0 0 0 82 0 61 8 0 55 0 86 26 0 0 0 40 28 14 12 0 74 54 48 0 0 3 0 79 30 86 46 0 94 14 17 28 0 0 66 
84 0 25 0 17 37 0 0 61 0 0 0 37 0 0 77 17 99 0 0 42 12 84 0 0 72 4 0 83 45 32 0 0 42 0 39 0 0 21 72 0 0 15 
89 9 63 40 4 59 77 0 8 0 0 81 96 0 11 89 39 19 2 75 30 0 0 0 78 81 0 0 79 8 15 71 0 3 0 73 0 73 0 0 0 13 32 
0 0 0 0 0 0 0 75 0 0 81 0 0 0 29 65 0 28 21 0 0 0 0 19 0 0 0 86 10 56 70 0 0 56 0 40 95 0 0 0 0 34 15 
0 89 0 94 0 97 0 81 55 37 96 0 0 4 0 42 76 19 0 74 0 0 40 0 0 11 0 0 25 27 19 74 71 57 0 57 0 92 4 69 80 50 0 
0 0 37 0 63 0 95 0 0 0 0 0 4 0 0 0 88 0 0 0 24 0 71 71 0 0 0 0 30 0 0 49 16 97 44 85 0 0 25 0 33 21 0 
25 0 0 63 0 19 0 0 86 0 11 29 0 0 0 75 99 82 0 90 0 0 0 74 0 14 0 75 2 0 72 8 72 73 0 34 30 44 0 4 10 6 0 
0 37 37 0 71 0 96 61 26 77 89 65 42 0 75 0 33 0 0 0 84 0 71 40 0 0 0 61 89 0 55 40 83 28 90 92 0 80 0 11 82 0 0 
0 0 97 0 3 0 0 42 0 17 39 0 76 88 99 33 0 18 0 72 0 0 25 39 40 40 66 24 0 65 0 7 0 0 0 69 0 0 10 0 0 61 28 
0 19 94 0 93 0 0 33 0 99 19 28 19 0 82 0 18 0 0 0 0 27 31 34 6 0 0 37 0 3 53 0 43 41 72 0 0 0 43 0 0 80 0 
72 78 48 0 0 0 0 0 0 0 2 21 0 0 0 0 0 0 0 54 89 20 79 0 43 0 4 0 0 0 0 15 2 0 9 7 0 6 0 0 7 0 0 
24 54 0 0 41 47 52 69 40 0 75 0 74 0 90 0 72 0 54 0 0 0 0 0 0 0 0 5 0 68 40 0 0 0 30 0 0 12 0 20 0 0 42 
0 0 0 6 9 0 0 86 28 42 30 0 0 24 0 84 0 0 89 0 0 0 0 0 41 0 0 80 0 0 67 67 78 65 4 0 27 0 0 82 42 99 32 
33 10 48 62 86 4 99 0 14 12 0 0 0 0 0 0 0 27 20 0 0 0 7 0 35 33 39 72 0 0 18 78 0 0 0 48 0 62 0 99 0 0 0 
0 0 0 71 60 74 0 0 12 84 0 0 40 71 0 71 25 31 79 0 0 7 0 31 97 37 0 0 0 14 0 0 0 81 0 0 0 0 95 28 31 0 0 
0 0 0 5 0 96 4 72 0 0 0 19 0 71 74 40 39 34 0 0 0 0 31 0 0 36 0 0 60 0 78 22 0 0 0 0 68 0 93 0 0 75 64 
0 0 9 0 0 0 0 0 74 0 78 0 0 0 0 0 40 6 43 0 41 35 97 0 0 0 5 0 0 0 0 0 37 89 34 95 8 0 0 0 10 10 12 
0 0 92 0 51 12 76 54 54 72 81 0 11 0 14 0 40 0 0 0 0 33 37 36 0 0 62 37 75 0 66 0 0 4 30 0 99 0 0 0 51 0 0 
77 3 74 94 0 76 0 99 48 4 0 0 0 0 0 0 66 0 4 0 0 39 0 0 5 62 0 0 0 43 0 0 60 12 83 0 0 0 0 88 80 69 0 
80 0 0 45 75 0 83 0 0 0 0 86 0 0 75 61 24 37 0 5 80 72 0 0 0 37 0 0 0 0 0 95 0 0 0 0 94 25 43 38 0 0 53 
38 0 100 70 0 56 90 54 0 83 79 10 25 30 2 89 0 0 0 0 0 0 0 60 0 75 0 0 0 0 76 0 0 97 4 17 90 0 0 0 0 0 0 
0 0 0 18 0 54 54 0 3 45 8 56 27 0 0 0 65 3 0 68 0 0 14 0 0 0 43 0 0 0 0 0 0 24 0 46 100 0 0 75 29 0 85 
0 0 2 14 0 0 0 0 0 32 15 70 19 0 72 55 0 53 0 40 67 18 0 78 0 66 0 0 76 0 0 0 0 60 0 32 0 45 0 89 1 97 0 
90 0 0 0 15 45 6 71 79 0 71 0 74 49 8 40 7 0 15 0 67 78 0 22 0 0 0 95 0 0 0 0 0 0 81 0 0 77 1 0 78 0 0 
51 0 0 0 61 19 24 83 30 0 0 0 71 16 72 83 0 43 2 0 78 0 0 0 37 0 60 0 0 0 0 0 0 100 0 0 91 0 12 82 75 59 0 
73 0 42 35 0 0 0 15 86 42 3 56 57 97 73 28 0 41 0 0 65 0 81 0 89 4 12 0 97 24 60 0 100 0 25 88 0 2 0 0 0 22 5 
54 64 0 28 59 33 0 56 46 0 0 0 0 44 0 90 0 72 9 30 4 0 0 0 34 30 83 0 4 0 0 81 0 25 0 5 31 68 69 0 0 64 39 
0 26 0 0 24 77 53 66 0 39 73 40 57 85 34 92 69 0 7 0 0 48 0 0 95 0 0 0 17 46 32 0 0 88 5 0 0 10 76 0 0 0 0 
11 89 94 0 86 0 0 58 94 0 0 95 0 0 30 0 0 0 0 0 27 0 0 68 8 99 0 94 90 100 0 0 91 0 31 0 0 1 31 0 0 34 4 
6 3 45 60 59 0 56 0 14 0 73 0 92 0 44 80 0 0 6 12 0 62 0 0 0 0 0 25 0 0 45 77 0 2 68 10 1 0 0 82 0 36 3 
38 65 67 80 11 23 0 0 17 21 0 0 4 25 0 0 10 43 0 0 0 0 95 93 0 0 0 43 0 0 0 1 12 0 69 76 31 0 0 72 0 0 5 
88 0 77 0 0 98 0 0 28 72 0 0 69 0 4 11 0 0 0 20 82 99 28 0 0 0 88 38 0 75 89 0 82 0 0 0 0 82 72 0 97 10 60 
0 0 0 0 6 16 0 0 0 0 0 0 80 33 10 82 0 0 7 0 42 0 31 0 10 51 80 0 0 29 1 78 75 0 0 0 0 0 0 97 0 0 6 
44 13 0 0 0 0 15 85 0 0 13 34 50 21 6 0 61 80 0 0 99 0 0 75 10 0 69 0 0 0 97 0 59 22 64 0 34 36 0 10 0 0 0 
39 0 0 93 32 0 0 0 66 15 32 15 0 0 0 0 28 0 0 42 32 0 0 64 12 0 0 53 0 85 0 0 0 5 39 0 4 3 5 60 6 0 0 
Для продолжения нажмите любую клавишу . . . 
